MEME version 5.4.1 (Sat Aug 21 19:23:23 2021 -0700)

ALPHABET= ACGT

strands: + -

Background letter frequencies (from uniform background):
A 0.25000 C 0.25000 G 0.25000 T 0.25000 

MOTIF M00008_AT_hook
letter-probability matrix: alength= 4 w= 7 nsites= 100 E= 0
  0.280000	  0.250000	  0.250000	  0.220000	
  0.320000	  0.180000	  0.240000	  0.260000	
  0.380000	  0.110000	  0.210000	  0.300000	
  0.620000	  0.070000	  0.110000	  0.200000	
  0.680000	  0.040000	  0.060000	  0.220000	
  0.330000	  0.130000	  0.080000	  0.460000	
  0.320000	  0.140000	  0.110000	  0.430000	

MOTIF M00153_E2F_DP
letter-probability matrix: alength= 4 w= 10 nsites= 100 E= 0
  0.330000	  0.160000	  0.190000	  0.320000	
  0.340000	  0.140000	  0.140000	  0.380000	
  0.250000	  0.150000	  0.250000	  0.350000	
  0.150000	  0.210000	  0.480000	  0.160000	
  0.050000	  0.110000	  0.840000	  0.000000	
  0.100000	  0.880000	  0.000000	  0.020000	
  0.000000	  0.000000	  0.980000	  0.020000	
  0.020000	  0.620000	  0.330000	  0.030000	
  0.140000	  0.280000	  0.360000	  0.220000	
  0.232323	  0.292929	  0.181818	  0.292929	

MOTIF M00154_E2F_DP
letter-probability matrix: alength= 4 w= 10 nsites= 100 E= 0
  0.323232	  0.161616	  0.181818	  0.333333	
  0.360000	  0.120000	  0.130000	  0.390000	
  0.250000	  0.140000	  0.250000	  0.360000	
  0.128713	  0.198020	  0.544554	  0.128713	
  0.020202	  0.070707	  0.909091	  0.000000	
  0.070000	  0.910000	  0.000000	  0.020000	
  0.000000	  0.000000	  0.980000	  0.020000	
  0.010000	  0.610000	  0.360000	  0.020000	
  0.110000	  0.260000	  0.390000	  0.240000	
  0.250000	  0.270000	  0.170000	  0.310000	

MOTIF M00662_E2F_DP
letter-probability matrix: alength= 4 w= 10 nsites= 100 E= 0
  0.180000	  0.180000	  0.260000	  0.380000	
  0.110000	  0.300000	  0.480000	  0.110000	
  0.040000	  0.190000	  0.770000	  0.000000	
  0.000000	  1.000000	  0.000000	  0.000000	
  0.000000	  0.000000	  1.000000	  0.000000	
  0.000000	  0.656566	  0.333333	  0.010101	
  0.140000	  0.280000	  0.450000	  0.130000	
  0.188119	  0.396040	  0.128713	  0.287129	
  0.390000	  0.120000	  0.160000	  0.330000	
  0.272727	  0.191919	  0.191919	  0.343434	

MOTIF M00717_ERF
letter-probability matrix: alength= 4 w= 8 nsites= 100 E= 0
  0.180000	  0.260000	  0.320000	  0.240000	
  0.108911	  0.376238	  0.188119	  0.326733	
  0.050000	  0.000000	  0.950000	  0.000000	
  0.040000	  0.780000	  0.050000	  0.130000	
  0.030303	  0.626263	  0.111111	  0.232323	
  0.140000	  0.090000	  0.700000	  0.070000	
  0.180000	  0.190000	  0.360000	  0.270000	
  0.198020	  0.485149	  0.099010	  0.217822	

MOTIF M00718_ERF
letter-probability matrix: alength= 4 w= 8 nsites= 100 E= 0
  0.200000	  0.500000	  0.130000	  0.170000	
  0.030000	  0.050000	  0.890000	  0.030000	
  0.029703	  0.603960	  0.336634	  0.029703	
  0.030000	  0.890000	  0.050000	  0.030000	
  0.080000	  0.030000	  0.840000	  0.050000	
  0.029703	  0.237624	  0.702970	  0.029703	
  0.029703	  0.910891	  0.029703	  0.029703	
  0.100000	  0.590000	  0.170000	  0.140000	

MOTIF M00719_ERF
letter-probability matrix: alength= 4 w= 8 nsites= 100 E= 0
  0.252525	  0.242424	  0.212121	  0.292929	
  0.240000	  0.220000	  0.260000	  0.280000	
  0.220000	  0.070000	  0.580000	  0.130000	
  0.111111	  0.505051	  0.242424	  0.141414	
  0.010101	  0.666667	  0.000000	  0.323232	
  0.202020	  0.000000	  0.787879	  0.010101	
  0.150000	  0.330000	  0.280000	  0.240000	
  0.237624	  0.346535	  0.227723	  0.188119	

MOTIF M00721_ERF
letter-probability matrix: alength= 4 w= 10 nsites= 100 E= 0
  0.272727	  0.272727	  0.202020	  0.252525	
  0.230000	  0.270000	  0.270000	  0.230000	
  0.277228	  0.366337	  0.188119	  0.168317	
  0.140000	  0.060000	  0.750000	  0.050000	
  0.120000	  0.610000	  0.180000	  0.090000	
  0.190000	  0.670000	  0.070000	  0.070000	
  0.210000	  0.120000	  0.590000	  0.080000	
  0.200000	  0.350000	  0.210000	  0.240000	
  0.170000	  0.600000	  0.110000	  0.120000	
  0.323232	  0.292929	  0.171717	  0.212121	

MOTIF M00723_EIL
letter-probability matrix: alength= 4 w= 11 nsites= 100 E= 0
  0.202020	  0.393939	  0.202020	  0.202020	
  0.700000	  0.100000	  0.100000	  0.100000	
  0.020202	  0.020202	  0.939394	  0.020202	
  0.500000	  0.000000	  0.500000	  0.000000	
  0.000000	  0.000000	  0.000000	  1.000000	
  0.510000	  0.000000	  0.000000	  0.490000	
  0.000000	  1.000000	  0.000000	  0.000000	
  1.000000	  0.000000	  0.000000	  0.000000	
  0.049505	  0.049505	  0.049505	  0.851485	
  0.150000	  0.150000	  0.150000	  0.550000	
  0.227723	  0.316832	  0.227723	  0.227723	

MOTIF M00724_EIL
letter-probability matrix: alength= 4 w= 9 nsites= 100 E= 0
  0.230000	  0.280000	  0.180000	  0.310000	
  0.380000	  0.200000	  0.200000	  0.220000	
  0.230000	  0.190000	  0.460000	  0.120000	
  0.480000	  0.000000	  0.410000	  0.110000	
  0.180000	  0.010000	  0.080000	  0.730000	
  0.440000	  0.050000	  0.200000	  0.310000	
  0.180000	  0.610000	  0.130000	  0.080000	
  0.600000	  0.100000	  0.190000	  0.110000	
  0.140000	  0.180000	  0.260000	  0.420000	

MOTIF M00725_EIL
letter-probability matrix: alength= 4 w= 10 nsites= 100 E= 0
  0.242424	  0.222222	  0.282828	  0.252525	
  0.240000	  0.160000	  0.360000	  0.240000	
  0.450000	  0.090000	  0.350000	  0.110000	
  0.089109	  0.188119	  0.000000	  0.722772	
  0.297030	  0.049505	  0.475248	  0.178218	
  0.178218	  0.475248	  0.049505	  0.297030	
  0.722772	  0.000000	  0.188119	  0.089109	
  0.110000	  0.350000	  0.090000	  0.450000	
  0.240000	  0.360000	  0.160000	  0.240000	
  0.252525	  0.282828	  0.222222	  0.242424	

MOTIF M00727_GATA
letter-probability matrix: alength= 4 w= 10 nsites= 100 E= 0
  0.287129	  0.247525	  0.178218	  0.287129	
  0.180000	  0.300000	  0.160000	  0.360000	
  0.435644	  0.168317	  0.257426	  0.138614	
  0.161616	  0.060606	  0.747475	  0.030303	
  0.940000	  0.000000	  0.020000	  0.040000	
  0.040000	  0.020000	  0.000000	  0.940000	
  0.030303	  0.747475	  0.060606	  0.161616	
  0.138614	  0.257426	  0.168317	  0.435644	
  0.360000	  0.160000	  0.300000	  0.180000	
  0.287129	  0.178218	  0.247525	  0.287129	

MOTIF M00728_HD-ZIP
letter-probability matrix: alength= 4 w= 8 nsites= 100 E= 0
  0.396040	  0.118812	  0.158416	  0.326733	
  0.090000	  0.060000	  0.030000	  0.820000	
  0.079208	  0.059406	  0.752475	  0.108911	
  0.890000	  0.000000	  0.060000	  0.050000	
  0.050505	  0.030303	  0.060606	  0.858586	
  0.070000	  0.010000	  0.070000	  0.850000	
  0.370000	  0.030000	  0.540000	  0.060000	
  0.181818	  0.343434	  0.353535	  0.121212	

MOTIF M00729_G2-like
letter-probability matrix: alength= 4 w= 10 nsites= 100 E= 0
  0.280000	  0.210000	  0.200000	  0.310000	
  0.370000	  0.180000	  0.170000	  0.280000	
  0.100000	  0.100000	  0.460000	  0.340000	
  0.780000	  0.010000	  0.160000	  0.050000	
  0.000000	  0.000000	  0.000000	  1.000000	
  0.180000	  0.120000	  0.200000	  0.500000	
  0.070000	  0.790000	  0.060000	  0.080000	
  0.090909	  0.343434	  0.282828	  0.282828	
  0.220000	  0.280000	  0.250000	  0.250000	
  0.240000	  0.270000	  0.220000	  0.270000	

MOTIF M00730_NAC
letter-probability matrix: alength= 4 w= 9 nsites= 100 E= 0
  0.424242	  0.111111	  0.242424	  0.222222	
  0.069307	  0.534653	  0.108911	  0.287129	
  0.929293	  0.010101	  0.010101	  0.050505	
  0.180000	  0.740000	  0.020000	  0.060000	
  0.100000	  0.030000	  0.720000	  0.150000	
  0.128713	  0.465347	  0.138614	  0.267327	
  0.414141	  0.242424	  0.080808	  0.262626	
  0.740000	  0.030000	  0.050000	  0.180000	
  0.200000	  0.330000	  0.200000	  0.270000	

MOTIF M00731_WRKY
letter-probability matrix: alength= 4 w= 10 nsites= 100 E= 0
  0.330000	  0.190000	  0.220000	  0.260000	
  0.390000	  0.090000	  0.440000	  0.080000	
  0.010000	  0.010000	  0.930000	  0.050000	
  0.020000	  0.000000	  0.000000	  0.980000	
  0.050000	  0.930000	  0.010000	  0.010000	
  0.880000	  0.060000	  0.020000	  0.040000	
  0.841584	  0.019802	  0.108911	  0.029703	
  0.220000	  0.580000	  0.060000	  0.140000	
  0.160000	  0.190000	  0.460000	  0.190000	
  0.232323	  0.282828	  0.272727	  0.212121	

MOTIF M00732_WRKY
letter-probability matrix: alength= 4 w= 11 nsites= 100 E= 0
  0.376238	  0.207921	  0.207921	  0.207921	
  0.390000	  0.140000	  0.140000	  0.330000	
  0.480000	  0.040000	  0.440000	  0.040000	
  0.170000	  0.000000	  0.830000	  0.000000	
  0.000000	  0.000000	  0.000000	  1.000000	
  0.250000	  0.750000	  0.000000	  0.000000	
  1.000000	  0.000000	  0.000000	  0.000000	
  0.920000	  0.000000	  0.000000	  0.080000	
  0.040404	  0.797980	  0.040404	  0.121212	
  0.108911	  0.108911	  0.594059	  0.188119	
  0.280000	  0.300000	  0.210000	  0.210000	

MOTIF M00750_AT_hook
letter-probability matrix: alength= 4 w= 8 nsites= 100 E= 0
  0.757576	  0.080808	  0.080808	  0.080808	
  0.792079	  0.069307	  0.069307	  0.069307	
  0.730000	  0.070000	  0.070000	  0.130000	
  0.267327	  0.069307	  0.069307	  0.594059	
  0.730000	  0.070000	  0.070000	  0.130000	
  0.663366	  0.069307	  0.069307	  0.198020	
  0.690000	  0.080000	  0.080000	  0.150000	
  0.170000	  0.080000	  0.080000	  0.670000	

MOTIF M00751_AT_hook
letter-probability matrix: alength= 4 w= 10 nsites= 100 E= 0
  0.242424	  0.262626	  0.262626	  0.232323	
  0.250000	  0.280000	  0.230000	  0.240000	
  0.232323	  0.242424	  0.303030	  0.222222	
  0.200000	  0.290000	  0.270000	  0.240000	
  0.600000	  0.000000	  0.320000	  0.080000	
  0.470000	  0.180000	  0.000000	  0.350000	
  0.393939	  0.070707	  0.060606	  0.474747	
  0.435644	  0.079208	  0.079208	  0.405941	
  0.380000	  0.160000	  0.160000	  0.300000	
  0.300000	  0.240000	  0.160000	  0.300000	

MOTIF M00840_ERF
letter-probability matrix: alength= 4 w= 9 nsites= 100 E= 0
  0.210000	  0.260000	  0.220000	  0.310000	
  0.350000	  0.060000	  0.540000	  0.050000	
  0.000000	  0.727273	  0.000000	  0.272727	
  0.000000	  0.990000	  0.000000	  0.010000	
  0.050000	  0.000000	  0.860000	  0.090000	
  0.760000	  0.090000	  0.060000	  0.090000	
  0.120000	  0.860000	  0.000000	  0.020000	
  0.440000	  0.160000	  0.190000	  0.210000	
  0.180000	  0.200000	  0.160000	  0.460000	

MOTIF M00846_ERF
letter-probability matrix: alength= 4 w= 9 nsites= 100 E= 0
  0.200000	  0.280000	  0.290000	  0.230000	
  0.227723	  0.346535	  0.257426	  0.168317	
  0.460000	  0.070000	  0.460000	  0.010000	
  0.000000	  0.900000	  0.090000	  0.010000	
  0.020000	  0.890000	  0.090000	  0.000000	
  0.111111	  0.050505	  0.808081	  0.030303	
  0.306931	  0.306931	  0.247525	  0.138614	
  0.150000	  0.540000	  0.140000	  0.170000	
  0.383838	  0.191919	  0.151515	  0.272727	

MOTIF M00848_ERF
letter-probability matrix: alength= 4 w= 7 nsites= 100 E= 0
  0.260000	  0.230000	  0.290000	  0.220000	
  0.232323	  0.191919	  0.333333	  0.242424	
  0.252525	  0.242424	  0.292929	  0.212121	
  0.168317	  0.415842	  0.128713	  0.287129	
  0.217822	  0.019802	  0.683168	  0.079208	
  0.158416	  0.287129	  0.336634	  0.217822	
  0.170000	  0.460000	  0.170000	  0.200000	

MOTIF M00849_ERF
letter-probability matrix: alength= 4 w= 9 nsites= 100 E= 0
  0.250000	  0.400000	  0.170000	  0.180000	
  0.000000	  0.130000	  0.770000	  0.100000	
  0.000000	  0.870000	  0.130000	  0.000000	
  0.150000	  0.770000	  0.080000	  0.000000	
  0.121212	  0.161616	  0.717172	  0.000000	
  0.220000	  0.400000	  0.130000	  0.250000	
  0.320000	  0.430000	  0.040000	  0.210000	
  0.376238	  0.168317	  0.198020	  0.257426	
  0.272727	  0.222222	  0.171717	  0.333333	

MOTIF M00850_ERF
letter-probability matrix: alength= 4 w= 10 nsites= 100 E= 0
  0.210000	  0.280000	  0.270000	  0.240000	
  0.210000	  0.460000	  0.140000	  0.190000	
  0.550000	  0.030000	  0.370000	  0.050000	
  0.000000	  0.939394	  0.050505	  0.010101	
  0.020202	  0.979798	  0.000000	  0.000000	
  0.040404	  0.050505	  0.868687	  0.040404	
  0.490000	  0.230000	  0.110000	  0.170000	
  0.100000	  0.750000	  0.050000	  0.100000	
  0.346535	  0.277228	  0.178218	  0.198020	
  0.267327	  0.247525	  0.198020	  0.287129	

MOTIF M00851_AP2
letter-probability matrix: alength= 4 w= 13 nsites= 100 E= 0
  0.316832	  0.227723	  0.227723	  0.227723	
  0.316832	  0.227723	  0.227723	  0.227723	
  0.292929	  0.303030	  0.202020	  0.202020	
  0.240000	  0.250000	  0.270000	  0.240000	
  0.070707	  0.070707	  0.070707	  0.787879	
  0.710000	  0.190000	  0.000000	  0.100000	
  0.000000	  0.820000	  0.000000	  0.180000	
  0.180000	  0.000000	  0.820000	  0.000000	
  0.939394	  0.020202	  0.020202	  0.020202	
  0.020202	  0.020202	  0.848485	  0.111111	
  0.049505	  0.049505	  0.851485	  0.049505	
  0.200000	  0.100000	  0.100000	  0.600000	
  0.178218	  0.178218	  0.178218	  0.465347	

MOTIF M00852_ARF
letter-probability matrix: alength= 4 w= 8 nsites= 100 E= 0
  0.212121	  0.272727	  0.212121	  0.303030	
  0.030000	  0.090000	  0.330000	  0.550000	
  0.030000	  0.060000	  0.880000	  0.030000	
  0.000000	  0.180000	  0.010000	  0.810000	
  0.108911	  0.633663	  0.089109	  0.168317	
  0.090000	  0.250000	  0.420000	  0.240000	
  0.168317	  0.287129	  0.366337	  0.178218	
  0.220000	  0.290000	  0.260000	  0.230000	

MOTIF M00853_B3
letter-probability matrix: alength= 4 w= 9 nsites= 100 E= 0
  0.330000	  0.120000	  0.120000	  0.430000	
  0.000000	  0.090909	  0.808081	  0.101010	
  0.410000	  0.000000	  0.190000	  0.400000	
  0.000000	  0.000000	  0.000000	  1.000000	
  0.000000	  0.000000	  1.000000	  0.000000	
  0.000000	  0.000000	  0.000000	  1.000000	
  1.000000	  0.000000	  0.000000	  0.000000	
  0.000000	  0.000000	  1.000000	  0.000000	
  0.420000	  0.320000	  0.130000	  0.130000	

MOTIF M00854_bHLH
letter-probability matrix: alength= 4 w= 9 nsites= 99 E= 0
  0.020202	  0.979798	  0.000000	  0.000000	
  0.818182	  0.060606	  0.080808	  0.040404	
  0.010000	  0.880000	  0.000000	  0.110000	
  0.090909	  0.000000	  0.909091	  0.000000	
  0.000000	  0.040000	  0.020000	  0.940000	
  0.020202	  0.000000	  0.949495	  0.030303	
  0.080808	  0.323232	  0.525253	  0.070707	
  0.141414	  0.353535	  0.262626	  0.242424	
  0.260000	  0.270000	  0.240000	  0.230000	

MOTIF M00857_C2H2
letter-probability matrix: alength= 4 w= 7 nsites= 100 E= 0
  0.257426	  0.267327	  0.237624	  0.237624	
  0.425743	  0.168317	  0.227723	  0.178218	
  0.252525	  0.161616	  0.505051	  0.080808	
  0.000000	  0.720000	  0.260000	  0.020000	
  0.220000	  0.060000	  0.040000	  0.680000	
  0.212121	  0.313131	  0.323232	  0.151515	
  0.260000	  0.240000	  0.290000	  0.210000	

MOTIF M00858_C2H2
letter-probability matrix: alength= 4 w= 8 nsites= 100 E= 0
  0.230000	  0.250000	  0.250000	  0.270000	
  0.237624	  0.267327	  0.257426	  0.237624	
  0.250000	  0.260000	  0.220000	  0.270000	
  0.200000	  0.350000	  0.180000	  0.270000	
  0.560000	  0.030000	  0.330000	  0.080000	
  0.000000	  0.640000	  0.360000	  0.000000	
  0.220000	  0.140000	  0.050000	  0.590000	
  0.220000	  0.280000	  0.260000	  0.240000	

MOTIF M00859_C2H2
letter-probability matrix: alength= 4 w= 11 nsites= 100 E= 0
  0.333333	  0.222222	  0.222222	  0.222222	
  0.171717	  0.171717	  0.484848	  0.171717	
  0.050000	  0.160000	  0.240000	  0.550000	
  0.190000	  0.210000	  0.100000	  0.500000	
  0.810000	  0.000000	  0.000000	  0.190000	
  0.000000	  0.000000	  0.900000	  0.100000	
  0.190000	  0.810000	  0.000000	  0.000000	
  0.100000	  0.000000	  0.000000	  0.900000	
  0.320000	  0.030000	  0.430000	  0.220000	
  0.386139	  0.168317	  0.178218	  0.267327	
  0.200000	  0.200000	  0.300000	  0.300000	

MOTIF M00860_C2H2
letter-probability matrix: alength= 4 w= 7 nsites= 100 E= 0
  0.230000	  0.260000	  0.260000	  0.250000	
  0.290000	  0.240000	  0.190000	  0.280000	
  0.170000	  0.430000	  0.070000	  0.330000	
  0.690000	  0.000000	  0.260000	  0.050000	
  0.010000	  0.540000	  0.340000	  0.110000	
  0.191919	  0.131313	  0.080808	  0.595960	
  0.212121	  0.303030	  0.222222	  0.262626	

MOTIF M00861_C2H2
letter-probability matrix: alength= 4 w= 7 nsites= 100 E= 0
  0.190000	  0.280000	  0.240000	  0.290000	
  0.290000	  0.230000	  0.180000	  0.300000	
  0.212121	  0.353535	  0.111111	  0.323232	
  0.640000	  0.060000	  0.220000	  0.080000	
  0.010000	  0.690000	  0.260000	  0.040000	
  0.180000	  0.110000	  0.000000	  0.710000	
  0.220000	  0.280000	  0.290000	  0.210000	

MOTIF M00862_Dof
letter-probability matrix: alength= 4 w= 8 nsites= 100 E= 0
  0.230000	  0.280000	  0.240000	  0.250000	
  0.240000	  0.270000	  0.230000	  0.260000	
  0.277228	  0.257426	  0.247525	  0.217822	
  0.059406	  0.752475	  0.059406	  0.128713	
  0.000000	  0.060606	  0.383838	  0.555556	
  0.009901	  0.108911	  0.000000	  0.881188	
  0.000000	  0.000000	  0.000000	  1.000000	
  0.280000	  0.240000	  0.200000	  0.280000	

MOTIF M00863_GATA
letter-probability matrix: alength= 4 w= 8 nsites= 100 E= 0
  0.220000	  0.280000	  0.240000	  0.260000	
  0.210000	  0.280000	  0.240000	  0.270000	
  0.370000	  0.220000	  0.190000	  0.220000	
  0.140000	  0.050000	  0.690000	  0.120000	
  0.970000	  0.000000	  0.000000	  0.030000	
  0.060000	  0.000000	  0.000000	  0.940000	
  0.100000	  0.330000	  0.270000	  0.300000	
  0.200000	  0.290000	  0.250000	  0.260000	

MOTIF M00864_HD-ZIP
letter-probability matrix: alength= 4 w= 10 nsites= 100 E= 0
  1.000000	  0.000000	  0.000000	  0.000000	
  1.000000	  0.000000	  0.000000	  0.000000	
  0.019802	  0.009901	  0.049505	  0.920792	
  0.990000	  0.000000	  0.000000	  0.010000	
  0.980000	  0.010000	  0.000000	  0.010000	
  0.010000	  0.020000	  0.000000	  0.970000	
  0.030000	  0.010000	  0.000000	  0.960000	
  1.000000	  0.000000	  0.000000	  0.000000	
  0.000000	  1.000000	  0.000000	  0.000000	
  0.000000	  0.010000	  0.010000	  0.980000	

MOTIF M00865_HD-ZIP
letter-probability matrix: alength= 4 w= 8 nsites= 100 E= 0
  0.260000	  0.220000	  0.260000	  0.260000	
  0.250000	  0.270000	  0.240000	  0.240000	
  0.222222	  0.272727	  0.171717	  0.333333	
  0.250000	  0.300000	  0.270000	  0.180000	
  0.330000	  0.250000	  0.220000	  0.200000	
  0.232323	  0.282828	  0.191919	  0.292929	
  0.260000	  0.250000	  0.200000	  0.290000	
  0.290000	  0.310000	  0.230000	  0.170000	

MOTIF M00866_WOX
letter-probability matrix: alength= 4 w= 10 nsites= 100 E= 0
  0.316832	  0.227723	  0.227723	  0.227723	
  0.200000	  0.200000	  0.200000	  0.400000	
  0.000000	  0.000000	  0.000000	  1.000000	
  0.000000	  0.000000	  1.000000	  0.000000	
  1.000000	  0.000000	  0.000000	  0.000000	
  0.000000	  0.000000	  0.000000	  1.000000	
  0.000000	  0.000000	  0.000000	  1.000000	
  0.000000	  0.000000	  1.000000	  0.000000	
  0.740000	  0.120000	  0.120000	  0.020000	
  0.240000	  0.350000	  0.140000	  0.270000	

MOTIF M00867_HD-ZIP
letter-probability matrix: alength= 4 w= 8 nsites= 100 E= 0
  0.830000	  0.060000	  0.070000	  0.040000	
  0.000000	  0.000000	  0.000000	  1.000000	
  0.366337	  0.069307	  0.089109	  0.475248	
  1.000000	  0.000000	  0.000000	  0.000000	
  0.050000	  0.000000	  0.030000	  0.920000	
  0.050000	  0.000000	  0.230000	  0.720000	
  0.190000	  0.170000	  0.460000	  0.180000	
  0.280000	  0.250000	  0.270000	  0.200000	

MOTIF M00868_HSF
letter-probability matrix: alength= 4 w= 8 nsites= 100 E= 0
  0.180000	  0.290000	  0.250000	  0.280000	
  0.171717	  0.070707	  0.212121	  0.545455	
  0.070000	  0.110000	  0.140000	  0.680000	
  0.010000	  0.860000	  0.120000	  0.010000	
  0.030303	  0.272727	  0.313131	  0.383838	
  0.363636	  0.181818	  0.222222	  0.232323	
  0.242424	  0.212121	  0.282828	  0.262626	
  0.300000	  0.210000	  0.260000	  0.230000	

MOTIF M00869_HSF
letter-probability matrix: alength= 4 w= 9 nsites= 100 E= 0
  0.222222	  0.202020	  0.393939	  0.181818	
  0.380000	  0.190000	  0.220000	  0.210000	
  0.404040	  0.171717	  0.202020	  0.222222	
  0.207921	  0.257426	  0.297030	  0.237624	
  0.180000	  0.380000	  0.260000	  0.180000	
  0.120000	  0.030000	  0.100000	  0.750000	
  0.040000	  0.000000	  0.000000	  0.960000	
  0.000000	  1.000000	  0.000000	  0.000000	
  0.040000	  0.360000	  0.290000	  0.310000	

MOTIF M00870_LBD
letter-probability matrix: alength= 4 w= 9 nsites= 100 E= 0
  0.380000	  0.120000	  0.280000	  0.220000	
  0.386139	  0.128713	  0.128713	  0.356436	
  0.320000	  0.140000	  0.110000	  0.430000	
  0.252525	  0.191919	  0.090909	  0.464646	
  0.090000	  0.290000	  0.090000	  0.530000	
  0.160000	  0.530000	  0.240000	  0.070000	
  0.050505	  0.747475	  0.080808	  0.121212	
  0.049505	  0.079208	  0.782178	  0.089109	
  0.010101	  0.191919	  0.787879	  0.010101	

MOTIF M00871_MYB
letter-probability matrix: alength= 4 w= 10 nsites= 100 E= 0
  0.240000	  0.250000	  0.250000	  0.260000	
  0.282828	  0.252525	  0.232323	  0.232323	
  0.191919	  0.252525	  0.131313	  0.424242	
  0.670000	  0.090000	  0.100000	  0.140000	
  0.590000	  0.230000	  0.090000	  0.090000	
  0.131313	  0.666667	  0.080808	  0.121212	
  0.230000	  0.140000	  0.400000	  0.230000	
  0.350000	  0.100000	  0.410000	  0.140000	
  0.330000	  0.260000	  0.160000	  0.250000	
  0.280000	  0.300000	  0.180000	  0.240000	

MOTIF M00872_ARR-B
letter-probability matrix: alength= 4 w= 9 nsites= 100 E= 0
  0.370000	  0.160000	  0.210000	  0.260000	
  0.170000	  0.110000	  0.600000	  0.120000	
  0.810000	  0.000000	  0.000000	  0.190000	
  0.100000	  0.000000	  0.000000	  0.900000	
  0.350000	  0.180000	  0.130000	  0.340000	
  0.130000	  0.420000	  0.110000	  0.340000	
  0.200000	  0.160000	  0.430000	  0.210000	
  0.230000	  0.270000	  0.260000	  0.240000	
  0.237624	  0.237624	  0.198020	  0.326733	

MOTIF M00873_ARR-B_G2-like
letter-probability matrix: alength= 4 w= 10 nsites= 100 E= 0
  0.227723	  0.227723	  0.316832	  0.227723	
  0.524752	  0.128713	  0.128713	  0.217822	
  1.000000	  0.000000	  0.000000	  0.000000	
  0.000000	  0.000000	  1.000000	  0.000000	
  1.000000	  0.000000	  0.000000	  0.000000	
  0.000000	  0.000000	  0.000000	  1.000000	
  0.400000	  0.200000	  0.000000	  0.400000	
  0.000000	  0.800000	  0.000000	  0.200000	
  0.020202	  0.020202	  0.727273	  0.232323	
  0.121212	  0.333333	  0.424242	  0.121212	

MOTIF M00874_G2-like
letter-probability matrix: alength= 4 w= 7 nsites= 100 E= 0
  0.300000	  0.200000	  0.360000	  0.140000	
  0.340000	  0.180000	  0.270000	  0.210000	
  0.480000	  0.090000	  0.170000	  0.260000	
  0.920000	  0.000000	  0.040000	  0.040000	
  0.070000	  0.010000	  0.010000	  0.910000	
  0.160000	  0.570000	  0.100000	  0.170000	
  0.181818	  0.282828	  0.212121	  0.323232	

MOTIF M00876_MYB
letter-probability matrix: alength= 4 w= 8 nsites= 100 E= 0
  1.000000	  0.000000	  0.000000	  0.000000	
  0.210000	  0.720000	  0.020000	  0.050000	
  0.151515	  0.787879	  0.060606	  0.000000	
  0.590000	  0.090000	  0.030000	  0.290000	
  0.930693	  0.019802	  0.029703	  0.019802	
  0.287129	  0.603960	  0.108911	  0.000000	
  0.150000	  0.710000	  0.030000	  0.110000	
  0.500000	  0.090000	  0.270000	  0.140000	

MOTIF M00877_MYB
letter-probability matrix: alength= 4 w= 9 nsites= 100 E= 0
  0.190000	  0.320000	  0.190000	  0.300000	
  0.780000	  0.000000	  0.120000	  0.100000	
  0.353535	  0.464646	  0.070707	  0.111111	
  0.000000	  0.919192	  0.080808	  0.000000	
  0.270000	  0.210000	  0.220000	  0.300000	
  0.430000	  0.110000	  0.280000	  0.180000	
  0.343434	  0.393939	  0.090909	  0.171717	
  0.210000	  0.390000	  0.120000	  0.280000	
  0.250000	  0.230000	  0.270000	  0.250000	

MOTIF M00878_G2-like
letter-probability matrix: alength= 4 w= 8 nsites= 100 E= 0
  0.330000	  0.180000	  0.170000	  0.320000	
  0.280000	  0.270000	  0.170000	  0.280000	
  0.490000	  0.120000	  0.280000	  0.110000	
  0.180000	  0.080000	  0.000000	  0.740000	
  0.198020	  0.237624	  0.257426	  0.306931	
  0.120000	  0.580000	  0.130000	  0.170000	
  0.181818	  0.282828	  0.262626	  0.272727	
  0.232323	  0.282828	  0.252525	  0.232323	

MOTIF M00880_Trihelix
letter-probability matrix: alength= 4 w= 8 nsites= 100 E= 0
  0.340000	  0.160000	  0.210000	  0.290000	
  0.250000	  0.190000	  0.200000	  0.360000	
  0.150000	  0.160000	  0.150000	  0.540000	
  0.207921	  0.217822	  0.138614	  0.435644	
  0.610000	  0.010000	  0.240000	  0.140000	
  0.160000	  0.690000	  0.010000	  0.140000	
  0.180000	  0.360000	  0.210000	  0.250000	
  0.190000	  0.210000	  0.410000	  0.190000	

MOTIF M00881_G2-like
letter-probability matrix: alength= 4 w= 9 nsites= 100 E= 0
  0.310000	  0.190000	  0.220000	  0.280000	
  0.405941	  0.118812	  0.118812	  0.356436	
  0.210000	  0.290000	  0.130000	  0.370000	
  0.623762	  0.089109	  0.188119	  0.099010	
  0.080000	  0.050000	  0.000000	  0.870000	
  0.120000	  0.210000	  0.210000	  0.460000	
  0.070707	  0.747475	  0.080808	  0.101010	
  0.131313	  0.343434	  0.212121	  0.313131	
  0.207921	  0.306931	  0.227723	  0.257426	

MOTIF M00884_NAC
letter-probability matrix: alength= 4 w= 11 nsites= 100 E= 0
  0.575758	  0.141414	  0.141414	  0.141414	
  0.188119	  0.504950	  0.099010	  0.207921	
  0.633663	  0.207921	  0.029703	  0.128713	
  0.000000	  1.000000	  0.000000	  0.000000	
  0.000000	  0.000000	  0.910000	  0.090000	
  0.090000	  0.720000	  0.100000	  0.090000	
  0.430000	  0.480000	  0.000000	  0.090000	
  1.000000	  0.000000	  0.000000	  0.000000	
  0.108911	  0.396040	  0.297030	  0.198020	
  0.242424	  0.454545	  0.151515	  0.151515	
  0.222222	  0.333333	  0.222222	  0.222222	

MOTIF M00885_NAC
letter-probability matrix: alength= 4 w= 7 nsites= 100 E= 0
  0.000000	  0.000000	  0.000000	  1.000000	
  0.000000	  0.000000	  0.000000	  1.000000	
  1.000000	  0.000000	  0.000000	  0.000000	
  0.000000	  0.830000	  0.000000	  0.170000	
  0.000000	  0.000000	  0.830000	  0.170000	
  0.000000	  0.000000	  0.000000	  1.000000	
  0.330000	  0.000000	  0.500000	  0.170000	

MOTIF M00886_NAC
letter-probability matrix: alength= 4 w= 8 nsites= 100 E= 0
  0.140000	  0.790000	  0.030000	  0.040000	
  0.118812	  0.039604	  0.801980	  0.039604	
  0.108911	  0.019802	  0.059406	  0.811881	
  0.090000	  0.030000	  0.010000	  0.870000	
  0.130000	  0.010000	  0.800000	  0.060000	
  0.100000	  0.060000	  0.050000	  0.790000	
  0.070000	  0.780000	  0.060000	  0.090000	
  0.100000	  0.040000	  0.060000	  0.800000	

MOTIF M00888_SBP
letter-probability matrix: alength= 4 w= 10 nsites= 100 E= 0
  0.160000	  0.000000	  0.840000	  0.000000	
  0.190000	  0.020000	  0.770000	  0.020000	
  0.590000	  0.020000	  0.380000	  0.010000	
  0.130000	  0.000000	  0.870000	  0.000000	
  0.171717	  0.000000	  0.535354	  0.292929	
  1.000000	  0.000000	  0.000000	  0.000000	
  0.850000	  0.150000	  0.000000	  0.000000	
  0.890000	  0.090000	  0.020000	  0.000000	
  0.040404	  0.020202	  0.939394	  0.000000	
  0.240000	  0.000000	  0.760000	  0.000000	

MOTIF M00889_YABBY
letter-probability matrix: alength= 4 w= 12 nsites= 100 E= 0
  0.300000	  0.200000	  0.300000	  0.200000	
  0.760000	  0.080000	  0.080000	  0.080000	
  0.150000	  0.050000	  0.050000	  0.750000	
  0.623762	  0.118812	  0.227723	  0.029703	
  0.900000	  0.100000	  0.000000	  0.000000	
  0.090000	  0.000000	  0.100000	  0.810000	
  0.100000	  0.000000	  0.000000	  0.900000	
  0.909091	  0.090909	  0.000000	  0.000000	
  0.350000	  0.050000	  0.150000	  0.450000	
  0.280000	  0.280000	  0.170000	  0.270000	
  0.200000	  0.300000	  0.300000	  0.200000	
  0.333333	  0.222222	  0.222222	  0.222222	

MOTIF M00890_YABBY
letter-probability matrix: alength= 4 w= 8 nsites= 100 E= 0
  0.800000	  0.000000	  0.000000	  0.200000	
  1.000000	  0.000000	  0.000000	  0.000000	
  0.000000	  0.000000	  0.000000	  1.000000	
  0.666667	  0.111111	  0.111111	  0.111111	
  0.780000	  0.000000	  0.000000	  0.220000	
  0.110000	  0.000000	  0.000000	  0.890000	
  0.555556	  0.111111	  0.000000	  0.333333	
  1.000000	  0.000000	  0.000000	  0.000000	

MOTIF M00891_TCP
letter-probability matrix: alength= 4 w= 10 nsites= 100 E= 0
  0.227723	  0.227723	  0.227723	  0.316832	
  0.188119	  0.188119	  0.336634	  0.287129	
  0.000000	  0.000000	  0.940000	  0.060000	
  0.000000	  0.000000	  0.940000	  0.060000	
  0.080808	  0.121212	  0.636364	  0.161616	
  0.000000	  0.860000	  0.080000	  0.060000	
  0.060000	  0.940000	  0.000000	  0.000000	
  0.060000	  0.940000	  0.000000	  0.000000	
  0.790000	  0.100000	  0.090000	  0.020000	
  0.130000	  0.750000	  0.060000	  0.060000	

MOTIF M00892_TCP
letter-probability matrix: alength= 4 w= 10 nsites= 100 E= 0
  0.180000	  0.250000	  0.260000	  0.310000	
  0.170000	  0.200000	  0.410000	  0.220000	
  0.080000	  0.090000	  0.720000	  0.110000	
  0.140000	  0.070000	  0.700000	  0.090000	
  0.180000	  0.230000	  0.390000	  0.200000	
  0.089109	  0.693069	  0.049505	  0.168317	
  0.050505	  0.939394	  0.000000	  0.010101	
  0.050000	  0.800000	  0.040000	  0.110000	
  0.730000	  0.060000	  0.160000	  0.050000	
  0.020000	  0.740000	  0.110000	  0.130000	

MOTIF M00893_TCP
letter-probability matrix: alength= 4 w= 9 nsites= 100 E= 0
  0.180000	  0.320000	  0.200000	  0.300000	
  0.250000	  0.150000	  0.460000	  0.140000	
  0.100000	  0.080000	  0.720000	  0.100000	
  0.080000	  0.130000	  0.660000	  0.130000	
  0.212121	  0.242424	  0.202020	  0.343434	
  0.140000	  0.690000	  0.060000	  0.110000	
  0.141414	  0.696970	  0.111111	  0.050505	
  0.663366	  0.089109	  0.168317	  0.079208	
  0.090000	  0.620000	  0.150000	  0.140000	

MOTIF M00894_AHL
letter-probability matrix: alength= 4 w= 7 nsites= 100 E= 0
  0.575758	  0.000000	  0.090909	  0.333333	
  0.260000	  0.110000	  0.030000	  0.600000	
  0.242424	  0.010101	  0.080808	  0.666667	
  0.320000	  0.140000	  0.100000	  0.440000	
  0.280000	  0.250000	  0.160000	  0.310000	
  0.188119	  0.297030	  0.227723	  0.287129	
  0.198020	  0.277228	  0.297030	  0.227723	

MOTIF M00895_SRS
letter-probability matrix: alength= 4 w= 7 nsites= 100 E= 0
  0.250000	  0.280000	  0.240000	  0.230000	
  0.000000	  0.161616	  0.131313	  0.707071	
  0.960000	  0.000000	  0.040000	  0.000000	
  0.070000	  0.120000	  0.680000	  0.130000	
  0.210000	  0.250000	  0.420000	  0.120000	
  0.190000	  0.310000	  0.260000	  0.240000	
  0.207921	  0.287129	  0.267327	  0.237624	

MOTIF M00896_AHL
letter-probability matrix: alength= 4 w= 7 nsites= 100 E= 0
  0.340000	  0.150000	  0.280000	  0.230000	
  0.350000	  0.160000	  0.250000	  0.240000	
  0.415842	  0.118812	  0.188119	  0.277228	
  0.257426	  0.158416	  0.158416	  0.425743	
  0.800000	  0.000000	  0.050000	  0.150000	
  0.450000	  0.090000	  0.100000	  0.360000	
  0.316832	  0.148515	  0.108911	  0.425743	

MOTIF M00897_AHL
letter-probability matrix: alength= 4 w= 9 nsites= 100 E= 0
  0.435644	  0.128713	  0.188119	  0.247525	
  0.460000	  0.000000	  0.050000	  0.490000	
  0.070000	  0.000000	  0.080000	  0.850000	
  0.460000	  0.140000	  0.150000	  0.250000	
  0.272727	  0.181818	  0.191919	  0.353535	
  0.260000	  0.220000	  0.200000	  0.320000	
  0.200000	  0.270000	  0.190000	  0.340000	
  0.212121	  0.262626	  0.262626	  0.262626	
  0.207921	  0.287129	  0.287129	  0.217822	

MOTIF M00898_WRKY
letter-probability matrix: alength= 4 w= 11 nsites= 100 E= 0
  0.227723	  0.316832	  0.227723	  0.227723	
  0.300000	  0.390000	  0.110000	  0.200000	
  0.202020	  0.020202	  0.757576	  0.020202	
  0.000000	  0.000000	  1.000000	  0.000000	
  0.000000	  0.000000	  0.000000	  1.000000	
  0.000000	  1.000000	  0.000000	  0.000000	
  1.000000	  0.000000	  0.000000	  0.000000	
  1.000000	  0.000000	  0.000000	  0.000000	
  0.111111	  0.848485	  0.020202	  0.020202	
  0.140000	  0.140000	  0.470000	  0.250000	
  0.316832	  0.227723	  0.227723	  0.227723	

MOTIF M00899_WRKY
letter-probability matrix: alength= 4 w= 11 nsites= 100 E= 0
  0.316832	  0.227723	  0.227723	  0.227723	
  0.350000	  0.350000	  0.150000	  0.150000	
  0.534653	  0.049505	  0.366337	  0.049505	
  0.000000	  0.000000	  1.000000	  0.000000	
  0.000000	  0.000000	  0.090000	  0.910000	
  0.000000	  0.910000	  0.090000	  0.000000	
  0.910000	  0.000000	  0.090000	  0.000000	
  0.910000	  0.000000	  0.090000	  0.000000	
  0.210000	  0.660000	  0.110000	  0.020000	
  0.100000	  0.100000	  0.700000	  0.100000	
  0.202020	  0.292929	  0.202020	  0.303030	

MOTIF M00900_WRKY
letter-probability matrix: alength= 4 w= 7 nsites= 100 E= 0
  0.222222	  0.313131	  0.222222	  0.242424	
  0.346535	  0.168317	  0.425743	  0.059406	
  0.040000	  0.030000	  0.810000	  0.120000	
  0.050000	  0.070000	  0.040000	  0.840000	
  0.070000	  0.850000	  0.070000	  0.010000	
  0.540000	  0.160000	  0.140000	  0.160000	
  0.440000	  0.140000	  0.200000	  0.220000	

MOTIF M00901_WRKY
letter-probability matrix: alength= 4 w= 11 nsites= 100 E= 0
  0.230000	  0.230000	  0.310000	  0.230000	
  0.212121	  0.232323	  0.222222	  0.333333	
  0.303030	  0.020202	  0.656566	  0.020202	
  0.000000	  0.000000	  1.000000	  0.000000	
  0.000000	  0.000000	  0.000000	  1.000000	
  0.000000	  1.000000	  0.000000	  0.000000	
  1.000000	  0.000000	  0.000000	  0.000000	
  1.000000	  0.000000	  0.000000	  0.000000	
  0.101010	  0.858586	  0.020202	  0.020202	
  0.120000	  0.210000	  0.460000	  0.210000	
  0.227723	  0.316832	  0.227723	  0.227723	

MOTIF M00962_ERF
letter-probability matrix: alength= 4 w= 9 nsites= 100 E= 0
  0.190000	  0.270000	  0.240000	  0.300000	
  0.257426	  0.069307	  0.633663	  0.039604	
  0.000000	  0.770000	  0.010000	  0.220000	
  0.000000	  0.989899	  0.010101	  0.000000	
  0.000000	  0.000000	  1.000000	  0.000000	
  0.969697	  0.020202	  0.000000	  0.010101	
  0.020000	  0.970000	  0.010000	  0.000000	
  0.524752	  0.148515	  0.168317	  0.158416	
  0.150000	  0.150000	  0.130000	  0.570000	

MOTIF M00963_ERF
letter-probability matrix: alength= 4 w= 9 nsites= 100 E= 0
  0.130000	  0.350000	  0.200000	  0.320000	
  0.330000	  0.060000	  0.590000	  0.020000	
  0.019802	  0.594059	  0.019802	  0.366337	
  0.000000	  0.989899	  0.010101	  0.000000	
  0.000000	  0.010000	  0.990000	  0.000000	
  0.950495	  0.039604	  0.009901	  0.000000	
  0.030000	  0.950000	  0.020000	  0.000000	
  0.740000	  0.070000	  0.080000	  0.110000	
  0.100000	  0.090000	  0.120000	  0.690000	

MOTIF M00971_NAC
letter-probability matrix: alength= 4 w= 10 nsites= 100 E= 0
  0.148515	  0.287129	  0.148515	  0.415842	
  0.100000	  0.210000	  0.100000	  0.590000	
  0.888889	  0.060606	  0.020202	  0.030303	
  0.247525	  0.742574	  0.000000	  0.009901	
  0.020000	  0.030000	  0.790000	  0.160000	
  0.080000	  0.580000	  0.080000	  0.260000	
  0.373737	  0.222222	  0.080808	  0.323232	
  0.818182	  0.000000	  0.010101	  0.171717	
  0.190000	  0.380000	  0.140000	  0.290000	
  0.202020	  0.404040	  0.202020	  0.191919	

MOTIF M00972_NAC
letter-probability matrix: alength= 4 w= 10 nsites= 100 E= 0
  0.240000	  0.260000	  0.230000	  0.270000	
  0.350000	  0.150000	  0.280000	  0.220000	
  0.040404	  0.545455	  0.101010	  0.313131	
  0.989899	  0.000000	  0.000000	  0.010101	
  0.050000	  0.940000	  0.000000	  0.010000	
  0.010000	  0.000000	  0.960000	  0.030000	
  0.120000	  0.270000	  0.320000	  0.290000	
  0.520000	  0.350000	  0.030000	  0.100000	
  0.660000	  0.030000	  0.070000	  0.240000	
  0.170000	  0.350000	  0.240000	  0.240000	

MOTIF M00975_NAC
letter-probability matrix: alength= 4 w= 10 nsites= 100 E= 0
  0.161616	  0.070707	  0.040404	  0.727273	
  0.210000	  0.030000	  0.110000	  0.650000	
  0.260000	  0.270000	  0.130000	  0.340000	
  0.049505	  0.900990	  0.029703	  0.019802	
  0.050000	  0.680000	  0.060000	  0.210000	
  0.110000	  0.270000	  0.080000	  0.540000	
  0.150000	  0.370000	  0.120000	  0.360000	
  0.212121	  0.383838	  0.191919	  0.212121	
  0.210000	  0.250000	  0.220000	  0.320000	
  0.270000	  0.250000	  0.220000	  0.260000	

MOTIF M00976_NAC
letter-probability matrix: alength= 4 w= 9 nsites= 100 E= 0
  0.540000	  0.120000	  0.220000	  0.120000	
  0.000000	  0.730000	  0.000000	  0.270000	
  1.000000	  0.000000	  0.000000	  0.000000	
  0.000000	  1.000000	  0.000000	  0.000000	
  0.000000	  0.000000	  1.000000	  0.000000	
  0.000000	  0.000000	  0.620000	  0.380000	
  0.790000	  0.210000	  0.000000	  0.000000	
  1.000000	  0.000000	  0.000000	  0.000000	
  0.128713	  0.504950	  0.128713	  0.237624	

MOTIF M00977_NAC
letter-probability matrix: alength= 4 w= 9 nsites= 100 E= 0
  0.390000	  0.150000	  0.220000	  0.240000	
  0.000000	  0.000000	  0.000000	  1.000000	
  0.000000	  0.000000	  0.000000	  1.000000	
  0.580000	  0.420000	  0.000000	  0.000000	
  0.000000	  1.000000	  0.000000	  0.000000	
  0.000000	  0.000000	  0.000000	  1.000000	
  0.000000	  0.000000	  0.000000	  1.000000	
  1.000000	  0.000000	  0.000000	  0.000000	
  0.290000	  0.310000	  0.300000	  0.100000	

MOTIF M00978_NAC
letter-probability matrix: alength= 4 w= 10 nsites= 100 E= 0
  0.180000	  0.270000	  0.170000	  0.380000	
  0.120000	  0.260000	  0.200000	  0.420000	
  0.130000	  0.280000	  0.160000	  0.430000	
  0.343434	  0.202020	  0.191919	  0.262626	
  0.170000	  0.440000	  0.120000	  0.270000	
  0.150000	  0.190000	  0.420000	  0.240000	
  0.090000	  0.390000	  0.150000	  0.370000	
  0.250000	  0.240000	  0.180000	  0.330000	
  0.350000	  0.190000	  0.180000	  0.280000	
  0.151515	  0.343434	  0.171717	  0.333333	

MOTIF M00979_NAC
letter-probability matrix: alength= 4 w= 10 nsites= 100 E= 0
  0.240000	  0.240000	  0.240000	  0.280000	
  0.250000	  0.250000	  0.170000	  0.330000	
  0.460000	  0.090000	  0.240000	  0.210000	
  0.040000	  0.550000	  0.080000	  0.330000	
  0.970000	  0.020000	  0.000000	  0.010000	
  0.120000	  0.850000	  0.010000	  0.020000	
  0.060000	  0.030000	  0.810000	  0.100000	
  0.100000	  0.480000	  0.160000	  0.260000	
  0.460000	  0.260000	  0.060000	  0.220000	
  0.810000	  0.020000	  0.020000	  0.150000	

MOTIF M00981_VOZ
letter-probability matrix: alength= 4 w= 9 nsites= 100 E= 0
  0.160000	  0.190000	  0.170000	  0.480000	
  0.270000	  0.220000	  0.240000	  0.270000	
  0.120000	  0.070000	  0.730000	  0.080000	
  0.000000	  0.950000	  0.000000	  0.050000	
  0.010000	  0.000000	  0.920000	  0.070000	
  0.010101	  0.030303	  0.090909	  0.868687	
  0.350000	  0.270000	  0.200000	  0.180000	
  0.455446	  0.188119	  0.158416	  0.198020	
  0.380000	  0.170000	  0.230000	  0.220000	

MOTIF M01046_ERF
letter-probability matrix: alength= 4 w= 10 nsites= 100 E= 0
  0.310000	  0.020000	  0.600000	  0.070000	
  0.009901	  0.653465	  0.237624	  0.099010	
  0.210000	  0.560000	  0.110000	  0.120000	
  0.000000	  0.000000	  1.000000	  0.000000	
  0.120000	  0.440000	  0.270000	  0.170000	
  0.222222	  0.595960	  0.030303	  0.151515	
  0.350000	  0.150000	  0.340000	  0.160000	
  0.297030	  0.227723	  0.198020	  0.277228	
  0.310000	  0.250000	  0.190000	  0.250000	
  0.310000	  0.230000	  0.190000	  0.270000	

MOTIF M01051_ERF
letter-probability matrix: alength= 4 w= 11 nsites= 100 E= 0
  0.316832	  0.227723	  0.227723	  0.227723	
  0.050000	  0.570000	  0.140000	  0.240000	
  0.121212	  0.020202	  0.838384	  0.020202	
  0.000000	  0.500000	  0.500000	  0.000000	
  0.000000	  0.890000	  0.110000	  0.000000	
  0.000000	  0.190000	  0.810000	  0.000000	
  0.000000	  0.320000	  0.680000	  0.000000	
  0.000000	  1.000000	  0.000000	  0.000000	
  0.220000	  0.210000	  0.550000	  0.020000	
  0.200000	  0.400000	  0.200000	  0.200000	
  0.227723	  0.316832	  0.227723	  0.227723	

MOTIF M01053_bZIP
letter-probability matrix: alength= 4 w= 12 nsites= 100 E= 0
  0.232323	  0.232323	  0.232323	  0.303030	
  0.190000	  0.190000	  0.190000	  0.430000	
  0.128713	  0.188119	  0.554455	  0.128713	
  0.500000	  0.340000	  0.080000	  0.080000	
  0.000000	  0.000000	  0.000000	  1.000000	
  0.000000	  0.000000	  1.000000	  0.000000	
  1.000000	  0.000000	  0.000000	  0.000000	
  0.000000	  1.000000	  0.000000	  0.000000	
  0.019802	  0.019802	  0.940594	  0.019802	
  0.060000	  0.060000	  0.060000	  0.820000	
  0.202020	  0.484848	  0.121212	  0.191919	
  0.495050	  0.168317	  0.168317	  0.168317	

MOTIF M01054_bZIP
letter-probability matrix: alength= 4 w= 7 nsites= 100 E= 0
  0.000000	  0.099010	  0.851485	  0.049505	
